num_p: 263, med_cnt: 4 
     2    26    30    31

     7     3    23     1

     0     0     0     0


num_p: 319, med_cnt: 8 
     1     2     5     6     7    10    13    26

     7     2    23    12     4    26    17    51

     7     2     0     0     0    26     0     0


num_p: 463, med_cnt: 5 
    19    26    30    31    95

    26    12    23     3     2

    26     0     0     0     0


num_p: 542, med_cnt: 5 
    13    26    30    31   106

    72     7     3     1    23

     0     0     0     0     0


num_p: 776, med_cnt: 9 
     2     4     5     6     7    10    13    26   104

     7     2    23     1    17     4     6    12    42

     7     2     0     0     0     4     6     0     0


num_p: 791, med_cnt: 5 
     1    26    30    31    95

    72    77     7    21    65

     0     0     0     0     0


num_p: 992, med_cnt: 7 
     2    13    16    30    31    70    95

    23     7     2    51    89    19    83

     0     0     2     0     0     0     0