num_p: 10, med_cnt: 9 
     1     3     4     7    12    15    26    28    37

     7     2   121    65    42    10     5    44    16

     7     0     0     0     0     0     0     0     0


num_p: 21, med_cnt: 8 
     2     5     6     7    10    29    32    44

     6     2     3    10    26     1    17    15

     6     2     0    10     0     0     0     0


num_p: 28, med_cnt: 9 
     1     2     3    12    13    26    33    50    52

     7    12     2     3    23     6    26     1     4

     0    12     2     3     0     0    26     1     0


num_p: 43, med_cnt: 10 
     1     3     4     8    13    15    27    33    37    44

     7    12     2     3    23     6    26     1     4    35

     0     0     0     3     0     0     0     1     4     0


num_p: 49, med_cnt: 7 
     2    16    22    26    30    31    42

     1    10    42     6    12    74    30

     0     0    42     0     0     0    30


num_p: 54, med_cnt: 6 
     3     4    26    28    50    87

     7    12     2     6    26     1

     0     0     0     0    26     0


num_p: 57, med_cnt: 10 
     1     2     4    11    15    16    20    26    28    37

     7    12     2     3    23     6    29    31    26     1

     0     0     2     0     0     0     0     0    26     1


num_p: 59, med_cnt: 6 
     1     3    12    14    26    42

    12     2     4    28    97     8

    12     0     0     0     0     0


num_p: 61, med_cnt: 9 
     1     2     3     6     7    35    40    54    79

    27    19    16     6    14    35    48    13     7

     0     0     0     6     0    35     0     0     7


num_p: 62, med_cnt: 8 
     1     2     4     6    13    26    44    48

     7    12     2     3    23     6    26     1

     0     0     2     0     0     6    26     1


num_p: 72, med_cnt: 5 
     1     2     3     4    26

     2     7    12     3    23

     2     0     0     3     0


num_p: 84, med_cnt: 10 
     1     2     4     7    12    14    26    35    37    42

     6     4    28    52    51    13    36    41     7    12

     0     4     0     0     0     0     0     0     7    12


num_p: 87, med_cnt: 5 
     8    13    43    48    71

    26    35    10    20     5

     0     0     0     0     0


num_p: 89, med_cnt: 6 
     1     3     4    12    26    27

     2    15     7    23    26    12

     0     0     0     0    26    12


num_p: 90, med_cnt: 6 
     3    12    16    26    31    95

    31    23    30    17    15    13

    31     0     0     0     0     0


num_p: 91, med_cnt: 4 
     1    26    30    31

    12    31     6    26

     0    31     0    26


num_p: 95, med_cnt: 6 
     3     4    13    26    27    78

     2     4    77    44    27     1

     0     4     0     0    27     0


num_p: 98, med_cnt: 7 
     2     3     4    12    26    27    40

     7    12     2     3    23     6    26

     0    12     2     3     0     0    26


num_p: 106, med_cnt: 4 
    26    30    31    71

    31    30    23     1

    31    30     0     0


num_p: 112, med_cnt: 10 
     1     2     4     5     6     7    12    14    34    52

    29    23    17    28     7     1    48     4     2     3

     0     0     0     0     7     1     0     4     2     0


num_p: 117, med_cnt: 5 
     1     2    26    30    31

    31     1     2     3     4

    31     1     2     0     0


num_p: 125, med_cnt: 4 
    16    30    31    39

     7    12     2     3

     0     0     0     0


num_p: 127, med_cnt: 4 
     2     3    15    26

     6     1    28     5

     0     0     0     0


num_p: 134, med_cnt: 7 
     1     2     6    12    13    42    43

     7    12     3     2     6    20     4

     0    12     0     2     6     0     0


num_p: 145, med_cnt: 9 
     3     4    13    27    29    34    39    52    71

     2    15     7    26    23    12    48    10    35

     0     0     0     0     0     0     0     0     0


num_p: 148, med_cnt: 8 
     3     4     6    12    13    19    30    57

    37     6    16    13    35     3     7    14

     0     6     0    13     0     3     0     0


num_p: 149, med_cnt: 8 
     1     3     4     6    13    27    28    63

     7    12     2     3    23     6    26     1

     0     0     0     3     0     6     0     1


num_p: 158, med_cnt: 10 
     1     3     6     7    12    14    17    19    27    29

    13     3     6    78    37    17    41    74    46    71

     0     3     6     0     0    17     0     0     0     0


num_p: 164, med_cnt: 10 
     1     3     4     6    12    13    16    19    50    76

    44    74     1    14    42    30     2    56   102    32

     0     0     1     0     0     0     0     0     0     0


num_p: 166, med_cnt: 4 
     4    10    13    15

     7     4    35    64

     0     4     0     0


num_p: 170, med_cnt: 8 
     2     4     5     7    10    14    42    43

    26    29    36    17     7    12     2     3

     0     0     0     0     7     0     2     0


num_p: 173, med_cnt: 7 
     4    12    13    15    26    49    57

     7    12     2     3    23     6    26

     0    12     0     0     0     0    26


num_p: 174, med_cnt: 6 
     1     2     3    13    18    71

     7    12     2     3    23     6

     0     0     2     3     0     0


num_p: 175, med_cnt: 6 
     1    16    26    30    31    95

    23    30    17    15    31    13

     0    30     0     0    31     0


num_p: 177, med_cnt: 10 
     2     4     5     6     7     8     9    10    11    33

     6    26     2     1     5     7    23    12     3    10

     6     0     2     0     5     7     0     0     0    10


num_p: 183, med_cnt: 7 
     1     3    12    13    20    42    49

    26     7    42    20    36     1    13

     0     0    42    20     0     1    13


num_p: 187, med_cnt: 5 
     1     3    12    19    42

    20     6    13    26    12

     0     0     0     0    12


num_p: 192, med_cnt: 9 
     1     2     3    12    13    14    30    37    39

    13    16     6    35    37     3     7    14    19

    13     0     0     0    37     3     0    14     0


num_p: 212, med_cnt: 4 
    14    26    30    31

    31    30     2    95

    31    30     0     0


num_p: 224, med_cnt: 10 
     3     4    13    14    15    24    26    31    39    41

     7    12     2     3    23     6    26     1     4    35

     0     0     0     3     0     0    26     0     4     0


num_p: 243, med_cnt: 4 
    13    30    31   114

    31    30     2    46

    31    30     0     0


num_p: 244, med_cnt: 4 
     7    12    13    27

     7    12     2     3

     7    12     0     0


num_p: 252, med_cnt: 7 
     3     4     7    12    13    27    42

     7    12     2    43     8    23     5

     7    12     0     0     0     0     0


num_p: 255, med_cnt: 8 
     1     2     3    13    16    26    30    41

    37     6    13    35    16     3     7    14

     0     0    13     0    16     3     0     0


num_p: 258, med_cnt: 10 
     3     4    13    25    27    30    44    70    77    79

     7     4    35    20    64    48    12     2     3    23

     0     4     0     0     0     0     0     0     3     0


num_p: 261, med_cnt: 8 
     2     5     6     7     9    10    13    44

    22    26    13    19     6     5     1     7

     0     0    13     0     6     5     0     7


num_p: 263, med_cnt: 4 
     2    26    30    31

    31    30     2    95

    31    30     2     0


num_p: 265, med_cnt: 7 
     2     5     6     7     9    10    12

    13     6    26    22     7     1    44

     0     6     0     0     7     0     0


num_p: 266, med_cnt: 10 
     1     3    12    13    14    25    26    32    36    48

    37     6    35    13     3    16    17     7    29     4

     0     0     0    13     3     0     0     0     0     0


num_p: 275, med_cnt: 8 
     4     6     8    16    30    37    96   107

     6    37    13     3    35    16    12     7

     6    37     0     0     0    16     0     0


num_p: 285, med_cnt: 4 
     2     7    26    71

    30    31    26    95

     0     0    26     0


num_p: 291, med_cnt: 8 
     1     2     3     8    12    17    26    40

    43    10     7    17    23     3    26    15

     0     0     0    17     0     3    26     0


num_p: 302, med_cnt: 7 
     2     3     6     7    13    28    49

     2     4     7    12     3    23     6

     2     0     7     0     3     0     6


num_p: 304, med_cnt: 9 
     1     2     3     4    12    13    14    19    23

     7    12     2     3    23     6     9    24    78

     0    12     2     3    23     0     0     0     0


num_p: 305, med_cnt: 5 
     1     2     4     6    13

     7    12     2     3    23

     0     0     2     0     0


num_p: 310, med_cnt: 10 
     2     4     5     6     7    10    13    26    27    28

    22    26     6    13     5     1    19    44    18     7

     0    26     6    13     5     0     0     0     0     7


num_p: 312, med_cnt: 7 
     2     4     5     6    10    13    44

     7    13     1     6     3    15    12

     0    13     0     6     0     0     0


num_p: 315, med_cnt: 5 
     3     6    12    14    42

     7    12     2     3    23

     0    12     0     3     0


num_p: 319, med_cnt: 8 
     1     2     5     6     7    10    13    26

    22    19     6    13     1    26     7    44

     0     0     6    13     1    26     7     0


num_p: 326, med_cnt: 6 
    12    16    26    30    31    95

    30    31     7     6    12     2

    30    31     0     0    12     0


num_p: 333, med_cnt: 7 
     3     4     7    27    43    65    90

    12     1    31    52    29    16     2

     0     0     0     0     0     0     0


num_p: 355, med_cnt: 10 
     1     3     4    12    13    15    27    30    50    52

     7    12     2     3    23     6    26     1     4    35

     0    12     0     3     0     0     0     1     4     0


num_p: 370, med_cnt: 6 
     3     4    12    19    52    87

    26    20     7    10     5    35

     0     0     0     0     0     0


num_p: 371, med_cnt: 9 
     1     3     4     5     6    13    40    43    71

     7    12     2     3    23     6    26     1     4

     0     0     0     3     0     6     0     1     4


num_p: 373, med_cnt: 9 
     1     2     3    12    13    26    28    41    44

     7    12     2     3    23     6    26     1     9

     0    12     2     3     0     0    26     1     0


num_p: 382, med_cnt: 9 
     3     4     5    10    13    22    33    43    52

     7     6    97    27    13    20    12     2     3

     0     0     0     0    13     0     0     0     3


num_p: 383, med_cnt: 8 
     2    12    17    19    20    30    62    82

    31    23    30    17    15     1    26    13

     0     0    30    17     0     0     0     0


num_p: 396, med_cnt: 4 
     6    12    14    35

     7    29     1    23

     0     0     0     0


num_p: 409, med_cnt: 5 
     3    13    33    34    44

     7    12     2     3    23

     0     0     0     3     0


num_p: 426, med_cnt: 10 
     1     2     5     6    12    13    26    33    42    44

     3    12     4     2    15    43    16    13     6     9

     0    12     0     2     0     0     0    13     6     0


num_p: 434, med_cnt: 5 
     1    26    30    31    95

    31    30     2    46    13

    31    30     0     0     0


num_p: 437, med_cnt: 10 
     1     2     4     6     7    12    13    15    26    42

    20     6    13    26     1    12    19    43    42     3

     0     6    13    26     1    12     0     0    42     0


num_p: 438, med_cnt: 8 
     1     2     5     6     7    10    26    67

    13    26    22     6     5     7     1    44

     0    26     0     6     5     7     1     0


num_p: 441, med_cnt: 7 
     7    12    13    26    27    37    44

     6     7    12     2     3    23    26

     0     7    12     0     0     0    26


num_p: 444, med_cnt: 7 
     1     3     4    26    49    52    87

     2    15    26     7    23    48    12

     0     0    26     0     0     0     0


num_p: 445, med_cnt: 10 
     1     3    13    14    26    30    31    35    41    78

     6    37    13    16     3    35    12     7     1    19

     0     0    13     0     3    35     0     0     1     0


num_p: 448, med_cnt: 9 
     1     3    12    13    14    26    27    78   123

     7    12     2     3    23     6    26     1     4

     0    12     0     3     0     0    26     1     0


num_p: 450, med_cnt: 9 
     1     3     4    12    13    15    26    42    43

    20     6     1    12    19    26    13    15     3

     0     0     1    12     0    26    13    15     3


num_p: 455, med_cnt: 5 
     3     4     6    12    16

     4     2     1    26     5

     4     0     0     0     0


num_p: 456, med_cnt: 9 
     3     4    13    23    26    27    37    78   124

     7    12     3     2    23     1     6     4    26

     0     0     3     0    23     0     0     4    26


num_p: 463, med_cnt: 5 
    19    26    30    31    95

    31    30     2    46    26

    31    30     0     0    26


num_p: 465, med_cnt: 4 
    26    30    31    95

    12    30     6     7

     0    30     0     0


num_p: 468, med_cnt: 6 
     1     2     4    10    13    54

     7    12     2     3    23     6

     0     0     2     0     0     0


num_p: 470, med_cnt: 8 
     4     5     7    12    13    35    53    79

    26    10     5    20    35    36     2    15

     0     0     5     0    35     0     0     0


num_p: 471, med_cnt: 8 
     3     4     7    13    15    42    43    71

     4    42     2     1    57    16    36    12

     4    42     0     0     0     0     0     0


num_p: 476, med_cnt: 5 
     1     3    12    14    19

     7    12     2     3    23

     0    12     0     3     0


num_p: 481, med_cnt: 4 
    16    30    31   106

    31    30     2    46

    31    30     0     0


num_p: 518, med_cnt: 5 
     7    12    13    35    42

    26    20    36     5    10

     0     0     0     0     0


num_p: 521, med_cnt: 10 
     2     4     5     6     7    13    26    33    84   110

     7    12     2     3    23     6    26     1     4    35

     7     0     2     0     0     6    26     0     4     0


num_p: 540, med_cnt: 10 
     1     2     4     5     6     7     8    10    13    26

    13     6    22    26     7     1     5    44    19     3

    13     6     0    26     7     1     5     0     0     0


num_p: 542, med_cnt: 5 
    13    26    30    31   106

    31    30     2    95    26

    31    30     0     0    26


num_p: 549, med_cnt: 5 
    16    30    39    70    82

    31    30     2    26    12

     0    30     0     0     0


num_p: 550, med_cnt: 10 
     1     2     3     4     5     6     7    12    13    19

    13     5     7    12     3     6    26    41    35    15

    13     5     7    12     3     6     0     0     0     0


num_p: 552, med_cnt: 10 
     1     2     6     7    10    12    26    27    28    42

     7    12     2     3    23     6    26     1     4    35

     7    12     2     0     0     6    26     1     0     0


num_p: 566, med_cnt: 9 
     1     2     3    12    13    14    26    30    35

     7    12     2     3    23     6    26     1     9

     0    12     2     3     0     0    26     1     0


num_p: 567, med_cnt: 10 
     1     2     3     4     6    12    13    26    30    43

     3    39    30     4     7    12     2    23     9    24

     3     0    30     4     0    12     2     0     0     0


num_p: 571, med_cnt: 8 
     1     2     5     6     7    10    13    26

     3     2    15    26     1     5     4    17

     0     2     0    26     1     5     0     0


num_p: 577, med_cnt: 6 
     1     6    13    30    70   106

    30    12    31    26     7    16

    30     0     0     0     0     0


num_p: 586, med_cnt: 10 
     2     3     4     8    10    29    32    34    36   100

    26    12    10    16    13    44     8     5    70    65

     0     0    10     0     0     0     8     0     0     0


num_p: 595, med_cnt: 9 
     2    12    16    23    30    39    70    82    95

    31    30     2    26    95    46    13     7    15

     0    30     2     0    95     0     0     0     0


num_p: 596, med_cnt: 10 
     1     2     3     4     7    12    13    29    42    99

     1     2     3     4     5     6     7     8     9    10

     1     2     3     4     0     0     7     0     0     0


num_p: 620, med_cnt: 4 
     3    17    29    52

     7    12     2     3

     0     0     0     3


num_p: 621, med_cnt: 6 
     3    13    15    35    40    43

     7    12     2     3    23     6

     0     0     0     3     0     0


num_p: 623, med_cnt: 7 
     2     4     7    10    12    28    55

     6     1     7     4    12     2    13

     0     0     7     4    12     2     0


num_p: 627, med_cnt: 10 
     2     4     6     7    10    12    26    42    51    53

    42    16     7     2   121    65     5    44    10    23

    42     0     7     2     0     0     0     0    10     0


num_p: 642, med_cnt: 9 
     2     4     6     7    13    14    20    35    50

    26     1    16     7     3     8    78   117    27

     0     0     0     7     0     0     0     0     0


num_p: 649, med_cnt: 8 
     1     2     5     6     7    10    13    23

    58    46     4    30    28    10    13     7

     0     0     0     0     0    10    13     7


num_p: 653, med_cnt: 7 
     2     4     6    28    35    50    52

     7     2     3    23     6    26    35

     0     2     0     0     6     0    35


num_p: 656, med_cnt: 8 
     1     2    26    30    31    39    70    95

    31    26    37    23    30    17    15    13

    31    26     0     0    30     0     0     0


num_p: 658, med_cnt: 9 
     1     3     4     6     8    13    15    26    97

     7    12     2     3    23     6    26     1     4

     0     0     0     3     0     6    26     1     4


num_p: 676, med_cnt: 4 
     6    26    30    95

    30    31    12     2

    30     0     0     0


num_p: 680, med_cnt: 10 
     1     2     3     4     5     6    12    14    19    27

     6    18     1     2     3     4     5     7     8     9

     6     0     1     2     3     4     5     0     0     0


num_p: 686, med_cnt: 5 
     1     3     4    12    43

     7    12    42     2     3

     0    12     0     0     3


num_p: 693, med_cnt: 10 
     1     2     3     5     6    10    13    17    35    60

     1     3    26    48    30     2    23    84    19    33

     1     3     0     0     0     2     0     0     0     0


num_p: 696, med_cnt: 10 
     2     4     5     6     7    26    33    34    42    63

     1     6     7    12     4    13     2    20    26    28

     0     6     7     0     4     0     2     0    26     0


num_p: 703, med_cnt: 10 
     3     4     6    12    13    14    15    19    23    27

    16    13     6    35     3    37     7    14    19    26

     0    13     6     0     3     0     0    14    19     0


num_p: 708, med_cnt: 8 
     1     4     6    13    26    29    34    36

     4     2     5     1     3    26    35    10

     4     0     0     1     0    26     0     0


num_p: 717, med_cnt: 10 
     1     2     3     4     7    12    13    15    42    43

     7    12     2     3    23     6    26     1     9    24

     7    12     2     3     0     0     0     1     0     0


num_p: 719, med_cnt: 9 
     3     4    12    13    26    37    42    43    53

     7    12     2     3    23     6    26     1     4

     0    12     0     3     0     0    26     0     4


num_p: 733, med_cnt: 5 
     2    13    20    28    44

     7    12     2     3    23

     0     0     2     0     0


num_p: 747, med_cnt: 5 
     3    13    27    28    41

     7    12     2     3    23

     0     0     0     3     0


num_p: 751, med_cnt: 10 
     2    12    13    14    16    19    30    37    39    74

     7    12    23    31     4    26    35    17    51    15

     0    12     0     0     0     0     0     0     0     0


num_p: 753, med_cnt: 8 
     2     6     7    12    13    30    31    49

    12    23     4     6     1    33    35    27

    12     0     0     6     0     0     0     0


num_p: 757, med_cnt: 8 
     3     4    12    13    14    20    42    77

    12    13     6    20     1    26    43    15

    12    13     0    20     0     0     0     0


num_p: 760, med_cnt: 10 
     1     3     4     6    12    14    19    26    27    71

     7    12     2     3    23     6    26     1     4    35

     0    12     0     3     0     6    26     1     4     0


num_p: 764, med_cnt: 10 
     3     4     5     7    12    13    14    15    42    71

    26    35    20    10     5    36     2    29    60    15

     0     0     0     0     5     0     0     0     0    15


num_p: 776, med_cnt: 9 
     2     4     5     6     7    10    13    26   104

     6     2    26     1    10     3     5    12     7

     6     2    26     0    10     0     5     0     7


num_p: 791, med_cnt: 5 
     1    26    30    31    95

    12    31     6    26    30

     0    31     0    26    30


num_p: 806, med_cnt: 5 
     1     3    12    13    43

    26    20    10     5    36

     0     0     0     0     0


num_p: 809, med_cnt: 8 
     2     5     6     7    10    26    71    99

     6     1     7    12     4    13     2    20

     6     0     7     0     0     0     2     0


num_p: 810, med_cnt: 7 
     1     2     6    13    28    40    44

    13    84    60    68    14     2    12

    13     0     0     0     0     2     0


num_p: 813, med_cnt: 8 
     1     2     3     4    13    26    43    79

    26    20    36    10     5    42    35     7

    26     0     0     0     0     0     0     0


num_p: 818, med_cnt: 10 
     1     4     6    13    28    35    37    40    44    45

     7     2    23     6    26     1    35    17    51    15

     0     0     0     6     0     1    35     0     0     0


num_p: 828, med_cnt: 4 
     3    19    30    70

    31    30     1    26

     0    30     0     0


num_p: 840, med_cnt: 6 
     1     4    12    13    33    42

    42     4     2    13    63    15

    42     4     0    13     0     0


num_p: 845, med_cnt: 9 
     1     2     3     4    13    16    29    30    36

    13    16    12     3     7    35    26     1     2

    13    16     0     3     0     0     0     1     2


num_p: 850, med_cnt: 8 
     2     3     4     6    20    26    43    72

     7    12     2     3    23     6    26     1

     0     0     2     3     0     6    26     0


num_p: 874, med_cnt: 7 
     1     3     4    12    13    19    20

     7    12     2     3    23     6    26

     0    12     0     3     0     0     0


num_p: 878, med_cnt: 10 
     1     2     4     6     8    12    13    26    42    56

     6    13     7    12    19   113    43    10     3    20

     6    13     0    12     0     0     0     0     0     0


num_p: 885, med_cnt: 6 
     1     2     4    15    26    71

     7    12     2     3    23     6

     0     0     2     0     0     0


num_p: 886, med_cnt: 9 
     1     3    14    20    26    29    50    52    87

     7    12     2     3    23     6    26     1     4

     0     0     0     3     0     0    26     1     0


num_p: 891, med_cnt: 8 
     1    12    16    19    26    31    82    95

    30    31     2    95    26    46    13    12

     0    31     0    95    26     0     0    12


num_p: 907, med_cnt: 6 
     3    12    14    19    30    43

    30    31     6    12     1     2

    30     0     0    12     0     0


num_p: 915, med_cnt: 8 
     3    12    13    20    41    43    52    87

     7    12     2     3    23     6    26     1

     0    12     0     3     0     0     0     0


num_p: 917, med_cnt: 10 
     1     2     3     4     6     7    26    28    35    40

    31    30     6    13    16    26     7    12     2     9

     0     0     6     0     0    26     7     0     2     0


num_p: 921, med_cnt: 8 
     2    13    16    23    30    37    70   120

    31    30    23     1    17    15    95    46

     0    30    23     0     0     0     0     0


num_p: 931, med_cnt: 10 
     1     2     4     6    12    13    16    35    40    48

     7    12     3    37     4    74    19    15    27    20

     0    12     0     0     4     0     0     0     0     0


num_p: 933, med_cnt: 7 
     1     3     4    13    26    29    48

     1     4    12     3    77    65    16

     1     4     0     3     0     0     0


num_p: 939, med_cnt: 8 
     1     2     3     4    14    26    30    33

    12     3     1    50    29     7     2    23

     0     3     1     0     0     0     2     0


num_p: 940, med_cnt: 9 
     3     4     6    12    13    17    26    30    41

    43    10    26    40    23     7    57    16   105

     0     0    26     0     0     0     0     0     0


num_p: 947, med_cnt: 7 
    13    16    22    26    30    31   134

    31    30     1    26    95    37    23

    31    30     0    26     0     0     0


num_p: 951, med_cnt: 4 
     2    26    30    31

    31    23    30    17

    31     0    30     0


num_p: 953, med_cnt: 9 
     1     3     4     7    12    15    26    33    43

    12    79    71    65    13     2     4    52    15

    12     0     0     0     0     0     4     0    15


num_p: 962, med_cnt: 6 
     1     4    13    15    27    88

     7    12     3    23     6    26

     0     0     0     0     0     0


num_p: 966, med_cnt: 4 
    16    30    31    95

    23    17    15    13

     0     0     0     0


num_p: 968, med_cnt: 9 
     1     3     7    10    12    26    42    52    87

    26    20     5    10    36    35    42     2    60

    26     0     0    10     0     0    42     0     0


num_p: 974, med_cnt: 7 
     1     2     4     6     7    27    29

    13    14    68    60    84    12     2

     0     0     0     0     0     0     2


num_p: 983, med_cnt: 10 
     1     2     4     6    12    13    15    28    33    42

    23    81    46    26     4    28     7    12     2     3

     0     0     0     0     4    28     0    12     2     0


num_p: 984, med_cnt: 6 
    30    37    39    70    95   106

    23    17    15    13    46    31

     0     0     0     0     0     0


num_p: 989, med_cnt: 7 
     1     4    12    13    14    26    42

     7    12     2     3    23     6    26

     0    12     0     0     0     0    26


num_p: 992, med_cnt: 7 
     2    13    16    30    31    70    95

    30    31     2    26    95    46    13

    30    31     2     0    95     0    13


num_p: 998, med_cnt: 9 
     1     2     3     4     6     7    14    15    35

    10    19    27    48    65    83     1     2     3

     0     0     0     0     0     0     1     2     3


num_p: 999, med_cnt: 5 
     1    13    28    33    44

     7    12     2     3    23

     0     0     0     0     0